,t_8,80.jpg_bright,80.jpg_dark_1,80.jpg_dark_2,80.jpg_dark_3,80.jpg_dark_4,80.jpg_dark_5,CF_RefSet,CF_RefSet_Small_Light,CF_ReferenceSet_Small_Dark,spule2-0816_Upside-dl1,FabricDefectsAITEX,kos10,MT_Blowhole_train,spule-upside-0315,spule-upside-hole-reduced,spule-upside-hole256-reduced,bottle_large,bottle_small,capsule,carpet,cable_missing_train,grid_thread,hazelnut_crack_train,metal_nut,pill,screw_scratch_neck_train,tile_crack,toothbrush_small,wood_scratch,zipper,leather,resin_cgp,resin_cgp_augmented,window_cgp,severstal,transistor_damaged_case_train,crack_forest
t_8,0.99999994,0.99619883,0.976129,0.9532374,0.8821471,0.852099,0.9639676,0.9521028,0.86268604,0.9239922,0.87015766,0.92196834,0.88454074,0.9446567,0.84263825,0.84263825,0.8522964,0.8483719,0.84539855,0.8547547,0.8198451,0.8547063,0.8866446,0.9565051,0.8870782,0.84705675,0.8527911,0.8689053,0.8508445,0.8951085,0.8804912,0.8767109,0.958083,0.9579844,0.958083,0.978856,0.8492492,0.9208876
80.jpg_bright,0.99619883,1.0,0.9663709,0.9601377,0.89459115,0.8661273,0.97138387,0.9566595,0.8734183,0.92837226,0.8757866,0.93574965,0.8968441,0.9543724,0.84645593,0.84645593,0.8582951,0.87183535,0.8687137,0.87775177,0.8124864,0.87379694,0.90129685,0.9678609,0.904215,0.8699476,0.8741305,0.8843724,0.8712929,0.9043333,0.893512,0.8704554,0.97077906,0.97069573,0.97077906,0.98419416,0.8686913,0.9205049
80.jpg_dark_1,0.976129,0.9663709,1.0,0.8651241,0.7591375,0.7185635,0.88407296,0.86346006,0.7327533,0.820481,0.744711,0.817889,0.7627145,0.8518302,0.70951843,0.70951843,0.72115195,0.7186442,0.71429646,0.7270822,0.69454294,0.72386295,0.76615775,0.87332094,0.76798713,0.7162317,0.72263765,0.7418311,0.7193031,0.77711624,0.7571753,0.7651618,0.87790114,0.8777329,0.87790114,0.9122348,0.7164603,0.81750613
80.jpg_dark_2,0.9532374,0.9601377,0.8651241,0.9999999,0.9832102,0.9703089,0.9989743,0.9991773,0.97431314,0.9934669,0.9737797,0.9947797,0.9836308,0.9992868,0.95838916,0.95838916,0.96511275,0.9638773,0.96298194,0.96687275,0.92411244,0.9700374,0.9845442,0.9976532,0.9836307,0.963996,0.9680508,0.97724926,0.96787924,0.9874721,0.9823798,0.9582661,0.99531436,0.99532217,0.99531436,0.9942932,0.9678639,0.9888957
80.jpg_dark_3,0.8821471,0.89459115,0.7591375,0.9832102,0.99999994,0.99808145,0.97497135,0.98289156,0.99819744,0.9912166,0.99320847,0.9936156,0.99903846,0.9870479,0.98620415,0.98620415,0.9905075,0.98915744,0.98960334,0.9899885,0.94754523,0.9953538,0.99901915,0.97703,0.99702644,0.99021614,0.99322945,0.9983253,0.9942422,0.9990453,0.9996269,0.9663455,0.97221565,0.97228694,0.97221565,0.95873916,0.99529696,0.9864479
80.jpg_dark_4,0.852099,0.8661273,0.7185635,0.9703089,0.99808145,1.0,0.95969,0.9705814,0.99910206,0.98393077,0.9932989,0.9855666,0.99672276,0.9756079,0.9894345,0.9894345,0.99270546,0.98900646,0.9899567,0.98914576,0.95122975,0.9955999,0.99631536,0.9627092,0.9936236,0.9904333,0.993351,0.9978179,0.99483305,0.99562687,0.99812174,0.9640597,0.9568485,0.95694095,0.9568485,0.93986815,0.99643224,0.9790981
80.jpg_dark_5,0.9639676,0.97138387,0.88407296,0.9989743,0.97497135,0.95969,1.0,0.99739456,0.9638019,0.9879314,0.9629957,0.9915933,0.97560656,0.9977877,0.9450461,0.9450461,0.9528967,0.9564686,0.955188,0.9598824,0.9090943,0.96137005,0.97743255,0.9987976,0.977465,0.9561922,0.96005875,0.9686384,0.959337,0.9797218,0.9741297,0.94754165,0.997479,0.9974742,0.997479,0.99784815,0.95875776,0.9822447
CF_RefSet,0.9521028,0.9566595,0.86346006,0.9991773,0.98289156,0.9705814,0.99739456,1.0,0.9759411,0.99613225,0.9779509,0.99242705,0.98330635,0.99782723,0.9643143,0.9643143,0.96977997,0.95828414,0.9576566,0.96134025,0.93648684,0.9667045,0.9832926,0.994708,0.9807698,0.9587929,0.9638154,0.97617066,0.96418387,0.98831224,0.98241186,0.96790797,0.99122465,0.99123317,0.99122465,0.9927931,0.9649641,0.99305236
CF_RefSet_Small_Light,0.86268604,0.8734183,0.7327533,0.97431314,0.99819744,0.99910206,0.9638019,0.9759411,1.0,0.9891122,0.99712354,0.985901,0.99708927,0.9783151,0.9937712,0.9937712,0.9962001,0.9831421,0.9841488,0.9836112,0.9617811,0.99192995,0.9957483,0.96499336,0.991747,0.9848207,0.9887103,0.99660355,0.9905735,0.99754095,0.99832594,0.9741628,0.95843583,0.9585201,0.95843583,0.94542104,0.9927435,0.98603183
CF_ReferenceSet_Small_Dark,0.9239922,0.92837226,0.820481,0.9934669,0.9912166,0.98393077,0.9879314,0.99613225,0.9891122,0.99999994,0.99222624,0.9911591,0.991553,0.99343574,0.9836374,0.9836374,0.9870673,0.9648463,0.9650222,0.967103,0.96076375,0.9757315,0.9899861,0.98543704,0.98545724,0.9661078,0.97173756,0.9858669,0.97314626,0.99568206,0.99144304,0.9823856,0.97983944,0.9798745,0.97983944,0.97862536,0.97521055,0.998131
spule2-0816_Upside-dl1,0.87015766,0.8757866,0.744711,0.9737797,0.99320847,0.9932989,0.9629957,0.9779509,0.99712354,0.99222624,1.0,0.9797753,0.99359834,0.976282,0.99794686,0.99794686,0.99932134,0.96873903,0.9699433,0.9696149,0.97803664,0.98159164,0.99026686,0.9617843,0.9839282,0.9708996,0.9765414,0.99088186,0.9791818,0.9954082,0.9942095,0.98596215,0.95389575,0.9539723,0.95389575,0.9461646,0.9826209,0.99147
FabricDefectsAITEX,0.92196834,0.93574965,0.817889,0.9947797,0.9936156,0.9855666,0.9915933,0.99242705,0.985901,0.9911591,0.9797753,1.0,0.9928378,0.9973229,0.9662322,0.9662322,0.97330064,0.9848,0.98426574,0.98668826,0.9221309,0.9877674,0.9952035,0.9938018,0.9956214,0.9848801,0.98735464,0.9906066,0.9869792,0.99384993,0.9929375,0.9528857,0.9915309,0.99157065,0.9915309,0.9815333,0.986533,0.9838223
kos10,0.88454074,0.8968441,0.7627145,0.9836308,0.99903846,0.99672276,0.97560656,0.98330635,0.99708927,0.991553,0.99359834,0.9928378,0.9999999,0.98787,0.9857903,0.9857903,0.99120754,0.9886917,0.9890554,0.98957634,0.9487481,0.9952939,0.9993847,0.97827834,0.997584,0.98968256,0.99283,0.9991138,0.99386144,0.9984551,0.9994662,0.96457565,0.97373575,0.97380686,0.97373575,0.95935154,0.9951127,0.98603135
MT_Blowhole_train,0.9446567,0.9543724,0.8518302,0.9992868,0.9870479,0.9756079,0.9977877,0.99782723,0.9783151,0.99343574,0.976282,0.9973229,0.98787,1.0,0.96094805,0.96094805,0.96841794,0.9720053,0.97117573,0.9746632,0.9234767,0.97697043,0.9892334,0.9981792,0.9890087,0.97202337,0.97555804,0.9829615,0.9752389,0.98994005,0.9867035,0.95549285,0.99607646,0.99609506,0.99607646,0.9913638,0.97509277,0.98715395
spule-upside-0315,0.84263825,0.84645593,0.70951843,0.95838916,0.98620415,0.9894345,0.9450461,0.9643143,0.9937712,0.9836374,0.99794686,0.9662322,0.9857903,0.96094805,1.0,1.0,0.99907345,0.9580443,0.9598398,0.95846397,0.985608,0.97323674,0.98120093,0.94281995,0.972924,0.96084714,0.9671474,0.9834382,0.97064894,0.9883674,0.9872458,0.9878644,0.93317664,0.9332668,0.93317664,0.9257619,0.97507113,0.9850646
spule-upside-hole-reduced,0.84263825,0.84645593,0.70951843,0.95838916,0.98620415,0.9894345,0.9450461,0.9643143,0.9937712,0.9836374,0.99794686,0.9662322,0.9857903,0.96094805,1.0,1.0,0.99907345,0.9580443,0.9598398,0.95846397,0.985608,0.97323674,0.98120093,0.94281995,0.972924,0.96084714,0.9671474,0.9834382,0.97064894,0.9883674,0.9872458,0.9878644,0.93317664,0.9332668,0.93317664,0.9257619,0.97507113,0.9850646
spule-upside-hole256-reduced,0.8522964,0.8582951,0.72115195,0.96511275,0.9905075,0.99270546,0.9528967,0.96977997,0.9962001,0.9870673,0.99932134,0.97330064,0.99120754,0.96841794,0.99907345,0.99907345,1.0000001,0.96657574,0.96807134,0.96706575,0.980599,0.98006326,0.9873072,0.9521548,0.9804396,0.9689856,0.97468305,0.9893415,0.97767943,0.99213064,0.99191964,0.98397994,0.9436284,0.94371676,0.9436284,0.93397975,0.98156714,0.9864532
bottle_large,0.8483719,0.87183535,0.7186442,0.9638773,0.98915744,0.98900646,0.9564686,0.95828414,0.9831421,0.9648463,0.96873903,0.9848,0.9886917,0.9720053,0.9580443,0.9580443,0.96657574,0.99999994,0.99995416,0.99992365,0.89770985,0.9981619,0.9918466,0.96510136,0.99511945,0.999937,0.9994194,0.99288374,0.9988485,0.98256266,0.98871344,0.9186963,0.96354765,0.96363854,0.96354765,0.9365852,0.9976753,0.95346177
bottle_small,0.84539855,0.8687137,0.71429646,0.96298194,0.98960334,0.9899567,0.955188,0.9576566,0.9841488,0.9650222,0.9699433,0.98426574,0.9890554,0.97117573,0.9598398,0.9598398,0.96807134,0.99995416,1.0,0.99980646,0.90029883,0.9984537,0.99204344,0.9637311,0.9950301,0.9999855,0.9995744,0.99334466,0.9991285,0.9829822,0.98921704,0.9203452,0.96190834,0.96200174,0.96190834,0.934892,0.9981123,0.95386535
capsule,0.8547547,0.87775177,0.7270822,0.96687275,0.9899885,0.98914576,0.9598824,0.96134025,0.9836112,0.967103,0.9696149,0.98668826,0.98957634,0.9746632,0.95846397,0.95846397,0.96706575,0.99992365,0.99980646,1.0,0.89868313,0.9982196,0.99274975,0.968215,0.9959971,0.99982005,0.999438,0.993342,0.9988179,0.9837867,0.98952246,0.92063314,0.9667454,0.9668323,0.9667454,0.9407549,0.99761623,0.95579726
carpet,0.8198451,0.8124864,0.69454294,0.92411244,0.94754523,0.95122975,0.9090943,0.93648684,0.9617811,0.96076375,0.97803664,0.9221309,0.9487481,0.9234767,0.985608,0.985608,0.980599,0.89770985,0.90029883,0.89868313,1.0,0.92213804,0.93996507,0.90111357,0.9256193,0.9018734,0.91213423,0.9423147,0.91764736,0.955464,0.9503243,0.99082184,0.88763255,0.8877135,0.88763255,0.89224327,0.92518455,0.9682169
cable_missing_train,0.8547063,0.87379694,0.72386295,0.9700374,0.9953538,0.9955999,0.96137005,0.9667045,0.99192995,0.9757315,0.98159164,0.9877674,0.9952939,0.97697043,0.97323674,0.97323674,0.98006326,0.9981619,0.9984537,0.9982196,0.92213804,0.9999998,0.9966026,0.96776664,0.99758315,0.9986766,0.999558,0.99792564,0.99984366,0.9906844,0.9951928,0.93911743,0.9646388,0.9647289,0.9646388,0.9415371,0.9998181,0.9670904
grid_thread,0.8866446,0.90129685,0.76615775,0.9845442,0.99901915,0.99631536,0.97743255,0.9832926,0.9957483,0.9899861,0.99026686,0.9952035,0.9993847,0.9892334,0.98120093,0.98120093,0.9873072,0.9918466,0.99204344,0.99274975,0.93996507,0.9966026,1.0,0.9810154,0.99918276,0.99254954,0.995151,0.99920756,0.9957127,0.9976529,0.9993497,0.9587888,0.9771547,0.9772251,0.9771547,0.96163964,0.99640375,0.9829698
hazelnut_crack_train,0.9565051,0.9678609,0.87332094,0.9976532,0.97703,0.9627092,0.9987976,0.994708,0.96499336,0.98543704,0.9617843,0.9938018,0.97827834,0.9981792,0.94281995,0.94281995,0.9521548,0.96510136,0.9637311,0.968215,0.90111357,0.96776664,0.9810154,1.0,0.9825134,0.96450335,0.967478,0.9730317,0.9663147,0.97999,0.97667,0.93867123,0.99951446,0.99951875,0.99951446,0.99520737,0.9652432,0.97708637
metal_nut,0.8870782,0.904215,0.76798713,0.9836307,0.99702644,0.9936236,0.977465,0.9807698,0.991747,0.98545724,0.9839282,0.9956214,0.997584,0.9890087,0.972924,0.972924,0.9804396,0.99511945,0.9950301,0.9959971,0.9256193,0.99758315,0.99918276,0.9825134,1.0,0.99540335,0.9970873,0.9981559,0.9970736,0.9945717,0.9971793,0.94699913,0.9798459,0.979915,0.9798459,0.9618104,0.99698544,0.97667915
pill,0.84705675,0.8699476,0.7162317,0.963996,0.99021614,0.9904333,0.9561922,0.9587929,0.9848207,0.9661078,0.9708996,0.9848801,0.98968256,0.97202337,0.96084714,0.96084714,0.9689856,0.999937,0.9999855,0.99982005,0.9018734,0.9986766,0.99254954,0.96450335,0.99540335,1.0,0.99967325,0.99378484,0.99927425,0.98380035,0.9897932,0.9219427,0.9626136,0.9627061,0.9626136,0.93602085,0.9983099,0.9552243
screw_scratch_neck_train,0.8527911,0.8741305,0.72263765,0.9680508,0.99322945,0.993351,0.96005875,0.9638154,0.9887103,0.97173756,0.9765414,0.98735464,0.99283,0.97555804,0.9671474,0.9671474,0.97468305,0.9994194,0.9995744,0.999438,0.91213423,0.999558,0.995151,0.967478,0.9970873,0.99967325,1.0000001,0.9962361,0.9998773,0.9877022,0.9930455,0.9311132,0.9649912,0.9650818,0.9649912,0.9403503,0.9993592,0.9616482
tile_crack,0.8689053,0.8843724,0.7418311,0.97724926,0.9983253,0.9978179,0.9686384,0.97617066,0.99660355,0.9858669,0.99088186,0.9906066,0.9991138,0.9829615,0.9834382,0.9834382,0.9893415,0.99288374,0.99334466,0.993342,0.9423147,0.99792564,0.99920756,0.9730317,0.9981559,0.99378484,0.9962361,1.0,0.9970941,0.99607307,0.9990112,0.9565829,0.96871,0.9687934,0.96871,0.9504189,0.99811745,0.97875416
toothbrush_small,0.8508445,0.8712929,0.7193031,0.96787924,0.9942422,0.99483305,0.959337,0.96418387,0.9905735,0.97314626,0.9791818,0.9869792,0.99386144,0.9752389,0.97064894,0.97064894,0.97767943,0.9988485,0.9991285,0.9988179,0.91764736,0.99984366,0.9957127,0.9663147,0.9970736,0.99927425,0.9998773,0.9970941,1.0,0.98899466,0.9941079,0.93519115,0.96337736,0.96347,0.96337736,0.9392417,0.999782,0.96376264
wood_scratch,0.8951085,0.9043333,0.77711624,0.9874721,0.9990453,0.99562687,0.9797218,0.98831224,0.99754095,0.99568206,0.9954082,0.99384993,0.9984551,0.98994005,0.9883674,0.9883674,0.99213064,0.98256266,0.9829822,0.9837867,0.955464,0.9906844,0.9976529,0.97999,0.9945717,0.98380035,0.9877022,0.99607307,0.98899466,1.0000001,0.998746,0.97455746,0.97471154,0.97477263,0.97471154,0.96533084,0.99050343,0.99250567
zipper,0.8804912,0.893512,0.7571753,0.9823798,0.9996269,0.99812174,0.9741297,0.98241186,0.99832594,0.99144304,0.9942095,0.9929375,0.9994662,0.9867035,0.9872458,0.9872458,0.99191964,0.98871344,0.98921704,0.98952246,0.9503243,0.9951928,0.9993497,0.97667,0.9971793,0.9897932,0.9930455,0.9990112,0.9941079,0.998746,0.99999994,0.966787,0.9717123,0.97178686,0.9717123,0.957683,0.99542683,0.9858659
leather,0.8767109,0.8704554,0.7651618,0.9582661,0.9663455,0.9640597,0.94754165,0.96790797,0.9741628,0.9823856,0.98596215,0.9528857,0.96457565,0.95549285,0.9878644,0.9878644,0.98397994,0.9186963,0.9203452,0.92063314,0.99082184,0.93911743,0.9587888,0.93867123,0.94699913,0.9219427,0.9311132,0.9565829,0.93519115,0.97455746,0.966787,1.0,0.92756605,0.9276142,0.92756605,0.9362695,0.940623,0.9891021
resin_cgp,0.958083,0.97077906,0.87790114,0.99531436,0.97221565,0.9568485,0.997479,0.99122465,0.95843583,0.97983944,0.95389575,0.9915309,0.97373575,0.99607646,0.93317664,0.93317664,0.9436284,0.96354765,0.96190834,0.9667454,0.88763255,0.9646388,0.9771547,0.99951446,0.9798459,0.9626136,0.9649912,0.96871,0.96337736,0.97471154,0.9717123,0.92756605,0.9999999,0.9999998,0.9999999,0.9945737,0.9617174,0.9703352
resin_cgp_augmented,0.9579844,0.97069573,0.8777329,0.99532217,0.97228694,0.95694095,0.9974742,0.99123317,0.9585201,0.9798745,0.9539723,0.99157065,0.97380686,0.99609506,0.9332668,0.9332668,0.94371676,0.96363854,0.96200174,0.9668323,0.8877135,0.9647289,0.9772251,0.99951875,0.979915,0.9627061,0.9650818,0.9687934,0.96347,0.97477263,0.97178686,0.9276142,0.9999998,0.99999994,0.9999998,0.9945463,0.9618122,0.97036564
window_cgp,0.958083,0.97077906,0.87790114,0.99531436,0.97221565,0.9568485,0.997479,0.99122465,0.95843583,0.97983944,0.95389575,0.9915309,0.97373575,0.99607646,0.93317664,0.93317664,0.9436284,0.96354765,0.96190834,0.9667454,0.88763255,0.9646388,0.9771547,0.99951446,0.9798459,0.9626136,0.9649912,0.96871,0.96337736,0.97471154,0.9717123,0.92756605,0.9999999,0.9999998,0.9999999,0.9945737,0.9617174,0.9703352
severstal,0.978856,0.98419416,0.9122348,0.9942932,0.95873916,0.93986815,0.99784815,0.9927931,0.94542104,0.97862536,0.9461646,0.9815333,0.95935154,0.9913638,0.9257619,0.9257619,0.93397975,0.9365852,0.934892,0.9407549,0.89224327,0.9415371,0.96163964,0.99520737,0.9618104,0.93602085,0.9403503,0.9504189,0.9392417,0.96533084,0.957683,0.9362695,0.9945737,0.9945463,0.9945737,1.0000001,0.9383368,0.97319883
transistor_damaged_case_train,0.8492492,0.8686913,0.7164603,0.9678639,0.99529696,0.99643224,0.95875776,0.9649641,0.9927435,0.97521055,0.9826209,0.986533,0.9951127,0.97509277,0.97507113,0.97507113,0.98156714,0.9976753,0.9981123,0.99761623,0.92518455,0.9998181,0.99640375,0.9652432,0.99698544,0.9983099,0.9993592,0.99811745,0.999782,0.99050343,0.99542683,0.940623,0.9617174,0.9618122,0.9617174,0.9383368,1.0000001,0.96647394
crack_forest,0.9208876,0.9205049,0.81750613,0.9888957,0.9864479,0.9790981,0.9822447,0.99305236,0.98603183,0.998131,0.99147,0.9838223,0.98603135,0.98715395,0.9850646,0.9850646,0.9864532,0.95346177,0.95386535,0.95579726,0.9682169,0.9670904,0.9829698,0.97708637,0.97667915,0.9552243,0.9616482,0.97875416,0.96376264,0.99250567,0.9858659,0.9891021,0.9703352,0.97036564,0.9703352,0.97319883,0.96647394,1.0
